1738788533977 0.12449999898672104 0
1738788534029 0.25 1
1738788534077 0.2985000014305115 2
1738788534127 0.31174999475479126 3
1738788534176 0.3267500102519989 4
1738788534225 0.3255000114440918 5
1738788534273 0.34474998712539673 6
1738788534322 0.35100001096725464 7
1738788534370 0.3487499952316284 8
1738788534420 0.3610000014305115 9
1738788534472 0.36924999952316284 10
1738788534521 0.3695000112056732 11
1738788534571 0.3700000047683716 12
1738788534618 0.3804999887943268 13
1738788534667 0.37950000166893005 14
1738788534724 0.37549999356269836 15
1738788534787 0.3867500126361847 16
1738788534843 0.39800000190734863 17
1738788534893 0.3935000002384186 18
1738788534948 0.39625000953674316 19
