1738788533952 0.3242157995700836 0
1738788534005 0.2577129602432251 1
1738788534053 0.2420220971107483 2
1738788534103 0.23223188519477844 3
1738788534152 0.2244078665971756 4
1738788534200 0.21791747212409973 5
1738788534249 0.21172437071800232 6
1738788534299 0.20580914616584778 7
1738788534346 0.20063234865665436 8
1738788534395 0.1945461481809616 9
1738788534444 0.18954673409461975 10
1738788534497 0.18366193771362305 11
1738788534545 0.17888303101062775 12
1738788534596 0.1721484363079071 13
1738788534643 0.16646091639995575 14
1738788534692 0.16204330325126648 15
1738788534756 0.15586097538471222 16
1738788534818 0.15083830058574677 17
1738788534868 0.14509791135787964 18
1738788534918 0.14012157917022705 19
