1738787099800 0.3267742693424225 0
1738787099867 0.2566365897655487 1
1738787099922 0.24125659465789795 2
1738787099977 0.2311118245124817 3
1738787100040 0.22334083914756775 4
1738787100094 0.2180606871843338 5
1738787100153 0.21095511317253113 6
1738787100211 0.20532822608947754 7
1738787100265 0.2003931850194931 8
1738787100318 0.19457769393920898 9
1738787100372 0.18877921998500824 10
1738787100427 0.18483681976795197 11
1738787100486 0.17847831547260284 12
1738787100543 0.17413072288036346 13
1738787100598 0.168361634016037 14
1738787100655 0.16337046027183533 15
1738787100708 0.15678687393665314 16
1738787100764 0.15216410160064697 17
1738787100822 0.14775846898555756 18
1738787100891 0.14033502340316772 19
