1738787099839 0.13474999368190765 0
1738787099895 0.25200000405311584 1
1738787099949 0.29124999046325684 2
1738787100006 0.3140000104904175 3
1738787100066 0.328000009059906 4
1738787100122 0.32749998569488525 5
1738787100181 0.3425000011920929 6
1738787100238 0.35074999928474426 7
1738787100292 0.3542500138282776 8
1738787100345 0.359499990940094 9
1738787100400 0.3630000054836273 10
1738787100454 0.36675000190734863 11
1738787100515 0.3765000104904175 12
1738787100571 0.37674999237060547 13
1738787100627 0.38075000047683716 14
1738787100682 0.3922500014305115 15
1738787100736 0.3882499933242798 16
1738787100792 0.3955000042915344 17
1738787100851 0.3955000042915344 18
1738787100929 0.3995000123977661 19
