1738862003923 0.3198249042034149 0
1738862004053 0.25272464752197266 1
1738862004188 0.23864112794399261 2
1738862004323 0.22869032621383667 3
1738862004433 0.2208576202392578 4
1738862004581 0.2138475477695465 5
1738862004748 0.2082122266292572 6
1738862004882 0.20221731066703796 7
1738862005027 0.19632400572299957 8
1738862005156 0.19186022877693176 9
1738862005279 0.18665942549705505 10
1738862005382 0.1808738112449646 11
1738862005475 0.1743953824043274 12
1738862005617 0.16942434012889862 13
1738862005729 0.16382162272930145 14
1738862005839 0.15811027586460114 15
1738862005961 0.1530000865459442 16
1738862006079 0.1482871174812317 17
1738862006199 0.1411522924900055 18
1738862006316 0.1359139382839203 19
