1738862003992 0.1132500022649765 0
1738862004118 0.25874999165534973 1
1738862004259 0.2867499887943268 2
1738862004377 0.3097499907016754 3
1738862004496 0.32374998927116394 4
1738862004669 0.3332499861717224 5
1738862004815 0.3409999907016754 6
1738862004961 0.3512499928474426 7
1738862005090 0.3529999852180481 8
1738862005220 0.35725000500679016 9
1738862005339 0.3642500042915344 10
1738862005419 0.3675000071525574 11
1738862005539 0.3762499988079071 12
1738862005672 0.3774999976158142 13
1738862005780 0.38225001096725464 14
1738862005900 0.39024999737739563 15
1738862006024 0.38874998688697815 16
1738862006137 0.3942500054836273 17
1738862006261 0.39675000309944153 18
1738862006373 0.3972499966621399 19
